              precision    recall  f1-score   support

           0       0.99      1.00      1.00       537
           1       0.94      0.89      0.92       491
           2       0.91      0.95      0.93       532
           3       0.96      0.97      0.97       496
           4       0.98      0.92      0.95       420
           5       0.93      0.97      0.95       471

    accuracy                           0.95      2947
   macro avg       0.95      0.95      0.95      2947
weighted avg       0.95      0.95      0.95      2947
